From To Distance
0 1 9.2
0 2 5.8
0 3 18.4
0 4 94.7
0 5 42.1
0 6 125.0
0 7 48.1
0 8 46.3
0 9 41.4
0 10 18.0
0 11 0.8
0 12 118.0
0 13 125.0
0 14 133.0
0 15 46.3
0 16 41.7
0 17 18.0
0 18 1.1
0 19 118.0
0 20 125.0
0 21 134.0
0 22 47.3
0 23 41.4
0 24 17.9
0 25 0.9
0 26 131.0
0 27 120.0
0 28 133.0
0 29 115.0
0 30 112.0
0 31 121.0
0 32 133.0
0 33 116.0
0 34 133.0
0 35 137.0
0 36 134.0
0 37 123.0
0 38 122.0
0 39 119.0
0 40 116.0
0 41 111.0
0 42 117.0
0 43 118.0
0 44 129.0
0 45 117.0
0 46 122.0
0 47 141.0
0 48 114.0
0 49 113.0
0 50 45.4
0 51 119.0
0 52 43.6
0 53 12.0
0 54 8.6
0 55 28.9
0 56 9.6
0 57 11.3
0 58 49.0
0 59 41.2
0 60 82.8
0 61 46.4
0 62 71.4
0 63 102.0
0 64 100.0
0 65 76.9
0 66 47.0
0 67 37.1
0 68 79.0
1 0 9.3
1 2 3.7
1 3 9.2
1 4 99.7
1 5 47.1
1 6 130.0
1 7 53.1
1 8 51.3
1 9 46.4
1 10 8.7
1 11 9.2
1 12 123.0
1 13 130.0
1 14 138.0
1 15 51.3
1 16 46.7
1 17 8.7
1 18 9.6
1 19 123.0
1 20 130.0
1 21 139.0
1 22 52.3
1 23 46.4
1 24 8.6
1 25 8.8
1 26 136.0
1 27 125.0
1 28 138.0
1 29 120.0
1 30 117.0
1 31 126.0
1 32 138.0
1 33 121.0
1 34 138.0
1 35 142.0
1 36 139.0
1 37 127.0
1 38 127.0
1 39 124.0
1 40 121.0
1 41 116.0
1 42 122.0
1 43 123.0
1 44 134.0
1 45 122.0
1 46 127.0
1 47 145.0
1 48 119.0
1 49 118.0
1 50 50.3
1 51 124.0
1 52 15.6
1 53 3.6
1 54 0.8
1 55 19.6
1 56 3.9
1 57 2.1
1 58 54.0
1 59 46.2
1 60 87.8
1 61 35.6
1 62 45.8
1 63 107.0
1 64 105.0
1 65 48.0
1 66 51.9
1 67 42.0
1 68 84.0
2 0 5.8
2 1 3.7
2 3 12.9
2 4 96.3
2 5 43.6
2 6 126.0
2 7 49.7
2 8 47.9
2 9 43.0
2 10 12.4
2 11 5.8
2 12 119.0
2 13 126.0
2 14 135.0
2 15 47.9
2 16 43.3
2 17 12.4
2 18 6.1
2 19 119.0
2 20 126.0
2 21 135.0
2 22 48.8
2 23 43.0
2 24 12.3
2 25 5.4
2 26 132.0
2 27 121.0
2 28 135.0
2 29 117.0
2 30 114.0
2 31 122.0
2 32 134.0
2 33 118.0
2 34 134.0
2 35 138.0
2 36 136.0
2 37 124.0
2 38 123.0
2 39 120.0
2 40 118.0
2 41 113.0
2 42 119.0
2 43 120.0
2 44 131.0
2 45 118.0
2 46 123.0
2 47 142.0
2 48 115.0
2 49 115.0
2 50 46.9
2 51 121.0
2 52 22.4
2 53 5.9
2 54 3.0
2 55 23.3
2 56 5.6
2 57 5.8
2 58 50.5
2 59 42.7
2 60 84.3
2 61 39.3
2 62 73.0
2 63 103.0
2 64 102.0
2 65 78.4
2 66 48.5
2 67 38.6
2 68 80.6
3 0 18.6
3 1 9.3
3 2 13.0
3 4 109.0
3 5 56.4
3 6 139.0
3 7 62.4
3 8 60.6
3 9 55.7
3 10 0.5
3 11 18.5
3 12 102.0
3 13 109.0
3 14 117.0
3 15 60.6
3 16 56.0
3 17 0.5
3 18 18.9
3 19 102.0
3 20 109.0
3 21 117.0
3 22 61.6
3 23 55.7
3 24 0.6
3 25 18.1
3 26 114.0
3 27 104.0
3 28 117.0
3 29 99.1
3 30 96.3
3 31 105.0
3 32 116.0
3 33 100.0
3 34 117.0
3 35 120.0
3 36 118.0
3 37 106.0
3 38 106.0
3 39 103.0
3 40 100.0
3 41 94.8
3 42 101.0
3 43 102.0
3 44 113.0
3 45 101.0
3 46 106.0
3 47 124.0
3 48 97.4
3 49 97.3
3 50 59.6
3 51 103.0
3 52 7.0
3 53 8.1
3 54 10.1
3 55 21.2
3 56 12.9
3 57 7.1
3 58 63.3
3 59 55.5
3 60 97.1
3 61 26.1
3 62 36.3
3 63 85.7
3 64 84.1
3 65 38.6
3 66 61.2
3 67 51.3
3 68 93.3
4 0 93.4
4 1 98.6
4 2 95.2
4 3 108.0
4 5 44.5
4 6 53.1
4 7 38.3
4 8 37.5
4 9 43.9
4 10 107.0
4 11 93.4
4 12 206.0
4 13 213.0
4 14 221.0
4 15 37.5
4 16 44.2
4 17 107.0
4 18 93.7
4 19 206.0
4 20 213.0
4 21 222.0
4 22 36.7
4 23 43.9
4 24 107.0
4 25 93.0
4 26 219.0
4 27 208.0
4 28 221.0
4 29 203.0
4 30 201.0
4 31 209.0
4 32 221.0
4 33 205.0
4 34 221.0
4 35 225.0
4 36 222.0
4 37 211.0
4 38 210.0
4 39 207.0
4 40 204.0
4 41 199.0
4 42 205.0
4 43 207.0
4 44 217.0
4 45 205.0
4 46 210.0
4 47 229.0
4 48 202.0
4 49 202.0
4 50 36.9
4 51 208.0
4 52 132.0
4 53 101.0
4 54 97.9
4 55 86.7
4 56 99.0
4 57 101.0
4 58 32.7
4 59 43.6
4 60 7.9
4 61 95.1
4 62 160.0
4 63 190.0
4 64 188.0
4 65 165.0
4 66 36.3
4 67 44.2
4 68 13.6
5 0 40.8
5 1 46.0
5 2 42.6
5 3 55.2
5 4 45.1
5 6 90.2
5 7 12.5
5 8 10.7
5 9 1.5
5 10 54.8
5 11 40.8
5 12 154.0
5 13 161.0
5 14 169.0
5 15 10.7
5 16 1.0
5 17 54.8
5 18 41.1
5 19 154.0
5 20 161.0
5 21 169.0
5 22 11.7
5 23 1.5
5 24 54.7
5 25 40.4
5 26 166.0
5 27 155.0
5 28 169.0
5 29 151.0
5 30 148.0
5 31 156.0
5 32 168.0
5 33 152.0
5 34 168.0
5 35 172.0
5 36 170.0
5 37 158.0
5 38 157.0
5 39 154.0
5 40 152.0
5 41 147.0
5 42 153.0
5 43 154.0
5 44 165.0
5 45 152.0
5 46 157.0
5 47 176.0
5 48 149.0
5 49 149.0
5 50 9.7
5 51 155.0
5 52 79.2
5 53 48.8
5 54 45.3
5 55 34.1
5 56 46.4
5 57 48.1
5 58 13.4
5 59 1.3
5 60 37.4
5 61 56.2
5 62 107.0
5 63 137.0
5 64 136.0
5 65 112.0
5 66 11.3
5 67 5.3
5 68 33.7
6 0 124.0
6 1 129.0
6 2 125.0
6 3 138.0
6 4 53.1
6 5 89.7
6 7 82.5
6 8 83.4
6 9 89.1
6 10 138.0
6 11 124.0
6 12 236.0
6 13 243.0
6 14 251.0
6 15 83.4
6 16 89.4
6 17 138.0
6 18 124.0
6 19 236.0
6 20 243.0
6 21 252.0
6 22 81.6
6 23 89.1
6 24 137.0
6 25 123.0
6 26 249.0
6 27 238.0
6 28 251.0
6 29 234.0
6 30 231.0
6 31 239.0
6 32 251.0
6 33 235.0
6 34 251.0
6 35 255.0
6 36 253.0
6 37 241.0
6 38 240.0
6 39 237.0
6 40 235.0
6 41 229.0
6 42 236.0
6 43 237.0
6 44 247.0
6 45 235.0
6 46 240.0
6 47 259.0
6 48 232.0
6 49 232.0
6 50 83.1
6 51 238.0
6 52 162.0
6 53 132.0
6 54 128.0
6 55 117.0
6 56 129.0
6 57 131.0
6 58 83.9
6 59 88.8
6 60 60.2
6 61 148.0
6 62 190.0
6 63 220.0
6 64 219.0
6 65 195.0
6 66 82.1
6 67 89.4
6 68 65.9
7 0 45.3
7 1 50.5
7 2 47.0
7 3 59.7
7 4 37.4
7 5 10.1
7 6 82.6
7 8 0.9
7 9 9.5
7 10 59.2
7 11 45.3
7 12 158.0
7 13 165.0
7 14 173.0
7 15 0.9
7 16 9.8
7 17 59.2
7 18 45.6
7 19 158.0
7 20 165.0
7 21 174.0
7 22 1.8
7 23 9.5
7 24 59.1
7 25 44.8
7 26 171.0
7 27 160.0
7 28 173.0
7 29 155.0
7 30 152.0
7 31 161.0
7 32 173.0
7 33 156.0
7 34 173.0
7 35 177.0
7 36 174.0
7 37 163.0
7 38 162.0
7 39 159.0
7 40 156.0
7 41 151.0
7 42 157.0
7 43 158.0
7 44 169.0
7 45 157.0
7 46 162.0
7 47 181.0
7 48 154.0
7 49 153.0
7 50 0.6
7 51 159.0
7 52 83.7
7 53 53.3
7 54 49.8
7 55 38.6
7 56 50.8
7 57 52.6
7 58 5.1
7 59 9.2
7 60 29.7
7 61 60.7
7 62 111.0
7 63 142.0
7 64 140.0
7 65 117.0
7 66 1.7
7 67 9.8
7 68 26.0
8 0 45.2
8 1 50.5
8 2 47.0
8 3 59.7
8 4 37.3
8 5 10.1
8 6 82.6
8 7 2.3
8 9 9.4
8 10 59.2
8 11 45.2
8 12 158.0
8 13 165.0
8 14 173.0
8 15 0.001
8 16 9.7
8 17 59.2
8 18 45.6
8 19 158.0
8 20 165.0
8 21 174.0
8 22 1.8
8 23 9.4
8 24 59.1
8 25 44.8
8 26 171.0
8 27 160.0
8 28 173.0
8 29 155.0
8 30 152.0
8 31 161.0
8 32 173.0
8 33 156.0
8 34 173.0
8 35 177.0
8 36 174.0
8 37 163.0
8 38 162.0
8 39 159.0
8 40 156.0
8 41 151.0
8 42 157.0
8 43 158.0
8 44 169.0
8 45 157.0
8 46 162.0
8 47 181.0
8 48 154.0
8 49 153.0
8 50 0.6
8 51 159.0
8 52 83.6
8 53 53.2
8 54 49.8
8 55 38.5
8 56 50.8
8 57 52.5
8 58 4.7
8 59 9.2
8 60 29.7
8 61 60.7
8 62 111.0
8 63 142.0
8 64 140.0
8 65 117.0
8 66 1.6
8 67 9.7
8 68 25.9
9 0 40.7
9 1 45.9
9 2 42.5
9 3 55.1
9 4 45.0
9 5 1.0
9 6 90.1
9 7 12.4
9 8 10.6
9 10 54.7
9 11 40.7
9 12 153.0
9 13 160.0
9 14 169.0
9 15 10.6
9 16 0.9
9 17 54.7
9 18 41.0
9 19 153.0
9 20 160.0
9 21 169.0
9 22 11.6
9 23 0.001
9 24 54.6
9 25 40.3
9 26 166.0
9 27 155.0
9 28 169.0
9 29 151.0
9 30 148.0
9 31 156.0
9 32 168.0
9 33 152.0
9 34 168.0
9 35 172.0
9 36 170.0
9 37 158.0
9 38 157.0
9 39 154.0
9 40 152.0
9 41 146.0
9 42 153.0
9 43 154.0
9 44 165.0
9 45 152.0
9 46 157.0
9 47 176.0
9 48 149.0
9 49 149.0
9 50 9.6
9 51 155.0
9 52 79.1
9 53 48.7
9 54 45.2
9 55 34.0
9 56 46.3
9 57 48.0
9 58 13.3
9 59 0.7
9 60 37.3
9 61 56.2
9 62 107.0
9 63 137.0
9 64 136.0
9 65 112.0
9 66 11.2
9 67 5.2
9 68 33.6
10 0 18.1
10 1 8.8
10 2 12.5
10 3 0.5
10 4 109.0
10 5 55.9
10 6 139.0
10 7 62.0
10 8 60.1
10 9 55.3
10 11 18.1
10 12 102.0
10 13 109.0
10 14 117.0
10 15 60.1
10 16 55.6
10 17 0.001
10 18 18.4
10 19 102.0
10 20 109.0
10 21 117.0
10 22 61.1
10 23 55.3
10 24 0.1
10 25 17.7
10 26 114.0
10 27 104.0
10 28 117.0
10 29 99.0
10 30 96.2
10 31 104.0
10 32 116.0
10 33 100.0
10 34 117.0
10 35 120.0
10 36 118.0
10 37 106.0
10 38 105.0
10 39 103.0
10 40 100.0
10 41 94.7
10 42 101.0
10 43 102.0
10 44 113.0
10 45 101.0
10 46 106.0
10 47 124.0
10 48 97.3
10 49 97.2
10 50 59.2
10 51 103.0
10 52 6.9
10 53 7.7
10 54 9.6
10 55 21.1
10 56 12.5
10 57 6.7
10 58 62.8
10 59 55.0
10 60 96.6
10 61 26.1
10 62 36.3
10 63 85.6
10 64 84.0
10 65 38.5
10 66 60.8
10 67 50.9
10 68 92.8
11 0 0.9
11 1 9.3
11 2 5.9
11 3 18.5
11 4 94.8
11 5 42.2
11 6 125.0
11 7 48.2
11 8 46.4
11 9 41.5
11 10 18.1
11 12 118.0
11 13 125.0
11 14 133.0
11 15 46.4
11 16 41.8
11 17 18.1
11 18 1.2
11 19 118.0
11 20 125.0
11 21 134.0
11 22 47.4
11 23 41.5
11 24 18.0
11 25 1.0
11 26 131.0
11 27 120.0
11 28 133.0
11 29 115.0
11 30 113.0
11 31 121.0
11 32 133.0
11 33 116.0
11 34 133.0
11 35 137.0
11 36 134.0
11 37 123.0
11 38 122.0
11 39 119.0
11 40 116.0
11 41 111.0
11 42 117.0
11 43 118.0
11 44 129.0
11 45 117.0
11 46 122.0
11 47 141.0
11 48 114.0
11 49 114.0
11 50 45.5
11 51 119.0
11 52 43.7
11 53 12.1
11 54 8.7
11 55 29.0
11 56 9.7
11 57 11.4
11 58 49.1
11 59 41.3
11 60 82.9
11 61 46.5
11 62 71.5
11 63 102.0
11 64 100.0
11 65 77.0
11 66 47.1
11 67 37.2
11 68 79.1
12 0 119.0
12 1 124.0
12 2 120.0
12 3 102.0
12 4 207.0
12 5 154.0
12 6 237.0
12 7 160.0
12 8 159.0
12 9 154.0
12 10 102.0
12 11 119.0
12 13 14.2
12 14 14.1
12 15 159.0
12 16 154.0
12 17 102.0
12 18 119.0
12 19 0.001
12 20 14.2
12 21 10.4
12 22 160.0
12 23 154.0
12 24 102.0
12 25 118.0
12 26 9.7
12 27 8.9
12 28 7.7
12 29 5.6
12 30 8.7
12 31 23.3
12 32 8.2
12 33 2.2
12 34 13.5
12 35 17.4
12 36 17.5
12 37 11.2
12 38 9.7
12 39 6.2
12 40 3.6
12 41 11.6
12 42 8.4
12 43 9.3
12 44 4.0
12 45 1.1
12 46 4.0
12 47 40.0
12 48 14.5
12 49 9.0
12 50 158.0
12 51 2.1
12 52 95.5
12 53 109.0
12 54 123.0
12 55 120.0
12 56 117.0
12 57 109.0
12 58 161.0
12 59 154.0
12 60 195.0
12 61 109.0
12 62 74.1
12 63 25.4
12 64 26.1
12 65 79.5
12 66 159.0
12 67 149.0
12 68 191.0
13 0 125.0
13 1 131.0
13 2 127.0
13 3 109.0
13 4 214.0
13 5 161.0
13 6 244.0
13 7 167.0
13 8 165.0
13 9 161.0
13 10 109.0
13 11 125.0
13 12 14.2
13 14 24.3
13 15 165.0
13 16 161.0
13 17 109.0
13 18 126.0
13 19 14.2
13 20 0.001
13 21 27.8
13 22 166.0
13 23 161.0
13 24 109.0
13 25 125.0
13 26 21.7
13 27 6.3
13 28 24.3
13 29 25.7
13 30 23.3
13 31 31.6
13 32 23.8
13 33 13.3
13 34 24.0
13 35 18.1
13 36 25.4
13 37 8.9
13 38 10.9
13 39 10.2
13 40 14.7
13 41 21.8
13 42 28.2
13 43 29.2
13 44 14.7
13 45 13.9
13 46 14.8
13 47 51.4
13 48 22.3
13 49 24.3
13 50 164.0
13 51 12.3
13 52 102.0
13 53 116.0
13 54 130.0
13 55 127.0
13 56 124.0
13 57 115.0
13 58 168.0
13 59 160.0
13 60 202.0
13 61 116.0
13 62 80.8
13 63 34.3
13 64 34.9
13 65 86.3
13 66 166.0
13 67 156.0
13 68 198.0
14 0 131.0
14 1 136.0
14 2 133.0
14 3 114.0
14 4 219.0
14 5 167.0
14 6 249.0
14 7 173.0
14 8 171.0
14 9 166.0
14 10 114.0
14 11 131.0
14 12 12.3
14 13 22.8
14 15 171.0
14 16 166.0
14 17 114.0
14 18 131.0
14 19 12.3
14 20 22.8
14 21 5.6
14 22 172.0
14 23 166.0
14 24 114.0
14 25 130.0
14 26 3.4
14 27 17.7
14 28 5.9
14 29 24.1
14 30 26.0
14 31 37.0
14 32 4.0
14 33 15.3
14 34 6.6
14 35 17.1
14 36 14.7
14 37 13.9
14 38 11.6
14 39 14.7
14 40 24.2
14 41 27.3
14 42 22.7
14 43 23.0
14 44 9.3
14 45 15.9
14 46 9.4
14 47 38.4
14 48 27.7
14 49 24.8
14 50 170.0
14 51 14.2
14 52 108.0
14 53 122.0
14 54 135.0
14 55 132.0
14 56 129.0
14 57 121.0
14 58 173.0
14 59 166.0
14 60 207.0
14 61 121.0
14 62 86.2
14 63 39.7
14 64 40.3
14 65 91.7
14 66 171.0
14 67 162.0
14 68 204.0
15 0 45.2
15 1 50.5
15 2 47.0
15 3 59.7
15 4 37.3
15 5 10.1
15 6 82.6
15 7 2.3
15 8 0.001
15 9 9.4
15 10 59.2
15 11 45.2
15 12 158.0
15 13 165.0
15 14 173.0
15 16 9.7
15 17 59.2
15 18 45.6
15 19 158.0
15 20 165.0
15 21 174.0
15 22 1.8
15 23 9.4
15 24 59.1
15 25 44.8
15 26 171.0
15 27 160.0
15 28 173.0
15 29 155.0
15 30 152.0
15 31 161.0
15 32 173.0
15 33 156.0
15 34 173.0
15 35 177.0
15 36 174.0
15 37 163.0
15 38 162.0
15 39 159.0
15 40 156.0
15 41 151.0
15 42 157.0
15 43 158.0
15 44 169.0
15 45 157.0
15 46 162.0
15 47 181.0
15 48 154.0
15 49 153.0
15 50 0.6
15 51 159.0
15 52 83.6
15 53 53.2
15 54 49.8
15 55 38.5
15 56 50.8
15 57 52.5
15 58 4.7
15 59 9.2
15 60 29.7
15 61 60.7
15 62 111.0
15 63 142.0
15 64 140.0
15 65 117.0
15 66 1.6
15 67 9.7
15 68 25.9
16 0 39.8
16 1 45.0
16 2 41.6
16 3 54.2
16 4 44.1
16 5 1.2
16 6 89.2
16 7 11.5
16 8 9.7
16 9 1.6
16 10 53.7
16 11 39.8
16 12 152.0
16 13 159.0
16 14 168.0
16 15 9.7
16 17 53.7
16 18 40.1
16 19 152.0
16 20 159.0
16 21 168.0
16 22 10.6
16 23 1.6
16 24 53.6
16 25 39.4
16 26 165.0
16 27 154.0
16 28 168.0
16 29 150.0
16 30 147.0
16 31 155.0
16 32 167.0
16 33 151.0
16 34 167.0
16 35 171.0
16 36 169.0
16 37 157.0
16 38 156.0
16 39 153.0
16 40 151.0
16 41 146.0
16 42 152.0
16 43 153.0
16 44 164.0
16 45 151.0
16 46 156.0
16 47 175.0
16 48 148.0
16 49 148.0
16 50 8.7
16 51 154.0
16 52 78.2
16 53 47.8
16 54 44.3
16 55 33.1
16 56 45.3
16 57 47.1
16 58 12.4
16 59 1.4
16 60 36.4
16 61 55.2
16 62 106.0
16 63 136.0
16 64 135.0
16 65 111.0
16 66 10.3
16 67 4.3
16 68 32.7
17 0 18.1
17 1 8.8
17 2 12.5
17 3 0.5
17 4 109.0
17 5 55.9
17 6 139.0
17 7 62.0
17 8 60.1
17 9 55.3
17 10 0.001
17 11 18.1
17 12 102.0
17 13 109.0
17 14 117.0
17 15 60.1
17 16 55.6
17 18 18.4
17 19 102.0
17 20 109.0
17 21 117.0
17 22 61.1
17 23 55.3
17 24 0.1
17 25 17.7
17 26 114.0
17 27 104.0
17 28 117.0
17 29 99.0
17 30 96.2
17 31 104.0
17 32 116.0
17 33 100.0
17 34 117.0
17 35 120.0
17 36 118.0
17 37 106.0
17 38 105.0
17 39 103.0
17 40 100.0
17 41 94.7
17 42 101.0
17 43 102.0
17 44 113.0
17 45 101.0
17 46 106.0
17 47 124.0
17 48 97.3
17 49 97.2
17 50 59.2
17 51 103.0
17 52 6.9
17 53 7.7
17 54 9.6
17 55 21.1
17 56 12.5
17 57 6.7
17 58 62.8
17 59 55.0
17 60 96.6
17 61 26.1
17 62 36.3
17 63 85.6
17 64 84.0
17 65 38.5
17 66 60.8
17 67 50.9
17 68 92.8
18 0 1.2
18 1 9.0
18 2 5.5
18 3 18.2
18 4 94.5
18 5 41.8
18 6 125.0
18 7 47.9
18 8 46.1
18 9 41.2
18 10 17.7
18 11 1.1
18 12 118.0
18 13 125.0
18 14 133.0
18 15 46.1
18 16 41.5
18 17 17.7
18 19 118.0
18 20 125.0
18 21 133.0
18 22 47.0
18 23 41.2
18 24 17.6
18 25 0.7
18 26 130.0
18 27 120.0
18 28 133.0
18 29 115.0
18 30 112.0
18 31 120.0
18 32 132.0
18 33 116.0
18 34 133.0
18 35 136.0
18 36 134.0
18 37 122.0
18 38 121.0
18 39 119.0
18 40 116.0
18 41 111.0
18 42 117.0
18 43 118.0
18 44 129.0
18 45 117.0
18 46 122.0
18 47 140.0
18 48 113.0
18 49 113.0
18 50 45.1
18 51 119.0
18 52 43.4
18 53 11.7
18 54 8.3
18 55 28.6
18 56 9.3
18 57 11.1
18 58 48.8
18 59 40.9
18 60 82.5
18 61 46.1
18 62 71.2
18 63 102.0
18 64 100.0
18 65 76.6
18 66 46.7
18 67 36.8
18 68 78.8
19 0 119.0
19 1 124.0
19 2 120.0
19 3 102.0
19 4 207.0
19 5 154.0
19 6 237.0
19 7 160.0
19 8 159.0
19 9 154.0
19 10 102.0
19 11 119.0
19 12 0.001
19 13 14.2
19 14 14.1
19 15 159.0
19 16 154.0
19 17 102.0
19 18 119.0
19 20 14.2
19 21 10.4
19 22 160.0
19 23 154.0
19 24 102.0
19 25 118.0
19 26 9.7
19 27 8.9
19 28 7.7
19 29 5.6
19 30 8.7
19 31 23.3
19 32 8.2
19 33 2.2
19 34 13.5
19 35 17.4
19 36 17.5
19 37 11.2
19 38 9.7
19 39 6.2
19 40 3.6
19 41 11.6
19 42 8.4
19 43 9.3
19 44 4.0
19 45 1.1
19 46 4.0
19 47 40.0
19 48 14.5
19 49 9.0
19 50 158.0
19 51 2.1
19 52 95.5
19 53 109.0
19 54 123.0
19 55 120.0
19 56 117.0
19 57 109.0
19 58 161.0
19 59 154.0
19 60 195.0
19 61 109.0
19 62 74.1
19 63 25.4
19 64 26.1
19 65 79.5
19 66 159.0
19 67 149.0
19 68 191.0
20 0 125.0
20 1 131.0
20 2 127.0
20 3 109.0
20 4 214.0
20 5 161.0
20 6 244.0
20 7 167.0
20 8 165.0
20 9 161.0
20 10 109.0
20 11 125.0
20 12 14.2
20 13 0.001
20 14 24.3
20 15 165.0
20 16 161.0
20 17 109.0
20 18 126.0
20 19 14.2
20 21 27.8
20 22 166.0
20 23 161.0
20 24 109.0
20 25 125.0
20 26 21.7
20 27 6.3
20 28 24.3
20 29 25.7
20 30 23.3
20 31 31.6
20 32 23.8
20 33 13.3
20 34 24.0
20 35 18.1
20 36 25.4
20 37 8.9
20 38 10.9
20 39 10.2
20 40 14.7
20 41 21.8
20 42 28.2
20 43 29.2
20 44 14.7
20 45 13.9
20 46 14.8
20 47 51.4
20 48 22.3
20 49 24.3
20 50 164.0
20 51 12.3
20 52 102.0
20 53 116.0
20 54 130.0
20 55 127.0
20 56 124.0
20 57 115.0
20 58 168.0
20 59 160.0
20 60 202.0
20 61 116.0
20 62 80.8
20 63 34.3
20 64 34.9
20 65 86.3
20 66 166.0
20 67 156.0
20 68 198.0
21 0 132.0
21 1 137.0
21 2 134.0
21 3 116.0
21 4 221.0
21 5 168.0
21 6 251.0
21 7 174.0
21 8 172.0
21 9 167.0
21 10 115.0
21 11 132.0
21 12 10.8
21 13 21.9
21 14 4.8
21 15 172.0
21 16 168.0
21 17 115.0
21 18 133.0
21 19 10.8
21 20 21.9
21 22 173.0
21 23 167.0
21 24 116.0
21 25 132.0
21 26 8.5
21 27 16.6
21 28 4.1
21 29 19.1
21 30 20.9
21 31 35.1
21 32 4.6
21 33 12.6
21 34 11.4
21 35 20.2
21 36 17.8
21 37 17.1
21 38 14.7
21 39 13.9
21 40 13.6
21 41 23.2
21 42 17.6
21 43 17.9
21 44 7.4
21 45 11.7
21 46 7.6
21 47 33.4
21 48 29.0
21 49 19.8
21 50 171.0
21 51 10.6
21 52 109.0
21 53 123.0
21 54 137.0
21 55 133.0
21 56 130.0
21 57 122.0
21 58 175.0
21 59 167.0
21 60 209.0
21 61 108.0
21 62 87.6
21 63 37.3
21 64 37.9
21 65 93.0
21 66 173.0
21 67 163.0
21 68 205.0
22 0 45.3
22 1 50.5
22 2 47.1
22 3 59.7
22 4 37.2
22 5 10.2
22 6 81.5
22 7 1.6
22 8 2.5
22 9 9.5
22 10 59.3
22 11 45.3
22 12 158.0
22 13 165.0
22 14 173.0
22 15 2.5
22 16 9.8
22 17 59.3
22 18 45.7
22 19 158.0
22 20 165.0
22 21 174.0
22 23 9.5
22 24 59.2
22 25 44.9
22 26 171.0
22 27 160.0
22 28 173.0
22 29 155.0
22 30 153.0
22 31 161.0
22 32 173.0
22 33 156.0
22 34 173.0
22 35 177.0
22 36 174.0
22 37 163.0
22 38 162.0
22 39 159.0
22 40 156.0
22 41 151.0
22 42 157.0
22 43 158.0
22 44 169.0
22 45 157.0
22 46 162.0
22 47 181.0
22 48 154.0
22 49 154.0
22 50 2.2
22 51 159.0
22 52 83.7
22 53 53.3
22 54 49.9
22 55 38.6
22 56 50.9
22 57 52.6
22 58 5.3
22 59 9.3
22 60 29.6
22 61 60.8
22 62 112.0
22 63 142.0
22 64 140.0
22 65 117.0
22 66 3.3
22 67 9.8
22 68 25.8
23 0 40.7
23 1 45.9
23 2 42.5
23 3 55.1
23 4 45.0
23 5 1.0
23 6 90.1
23 7 12.4
23 8 10.6
23 9 0.001
23 10 54.7
23 11 40.7
23 12 153.0
23 13 160.0
23 14 169.0
23 15 10.6
23 16 0.9
23 17 54.7
23 18 41.0
23 19 153.0
23 20 160.0
23 21 169.0
23 22 11.6
23 24 54.6
23 25 40.3
23 26 166.0
23 27 155.0
23 28 169.0
23 29 151.0
23 30 148.0
23 31 156.0
23 32 168.0
23 33 152.0
23 34 168.0
23 35 172.0
23 36 170.0
23 37 158.0
23 38 157.0
23 39 154.0
23 40 152.0
23 41 146.0
23 42 153.0
23 43 154.0
23 44 165.0
23 45 152.0
23 46 157.0
23 47 176.0
23 48 149.0
23 49 149.0
23 50 9.6
23 51 155.0
23 52 79.1
23 53 48.7
23 54 45.2
23 55 34.0
23 56 46.3
23 57 48.0
23 58 13.3
23 59 0.7
23 60 37.3
23 61 56.2
23 62 107.0
23 63 137.0
23 64 136.0
23 65 112.0
23 66 11.2
23 67 5.2
23 68 33.6
24 0 18.0
24 1 8.7
24 2 12.4
24 3 0.6
24 4 108.0
24 5 55.8
24 6 139.0
24 7 61.9
24 8 60.0
24 9 55.2
24 10 0.1
24 11 18.0
24 12 102.0
24 13 109.0
24 14 117.0
24 15 60.0
24 16 55.5
24 17 0.1
24 18 18.3
24 19 102.0
24 20 109.0
24 21 117.0
24 22 61.0
24 23 55.2
24 25 17.5
24 26 114.0
24 27 104.0
24 28 117.0
24 29 99.2
24 30 96.3
24 31 105.0
24 32 116.0
24 33 100.0
24 34 117.0
24 35 120.0
24 36 118.0
24 37 106.0
24 38 106.0
24 39 103.0
24 40 100.0
24 41 94.8
24 42 101.0
24 43 102.0
24 44 113.0
24 45 101.0
24 46 106.0
24 47 124.0
24 48 97.4
24 49 97.3
24 50 59.1
24 51 103.0
24 52 7.0
24 53 7.6
24 54 9.5
24 55 21.2
24 56 12.4
24 57 6.6
24 58 62.7
24 59 54.9
24 60 96.5
24 61 26.2
24 62 36.4
24 63 85.7
24 64 84.1
24 65 38.6
24 66 60.7
24 67 50.8
24 68 92.7
25 0 1.5
25 1 8.6
25 2 5.2
25 3 17.8
25 4 94.1
25 5 41.4
25 6 124.0
25 7 47.5
25 8 45.7
25 9 40.8
25 10 17.4
25 11 1.5
25 12 117.0
25 13 124.0
25 14 132.0
25 15 45.7
25 16 41.1
25 17 17.4
25 18 1.9
25 19 117.0
25 20 124.0
25 21 133.0
25 22 46.7
25 23 40.8
25 24 17.2
25 26 130.0
25 27 119.0
25 28 133.0
25 29 115.0
25 30 112.0
25 31 120.0
25 32 132.0
25 33 116.0
25 34 132.0
25 35 136.0
25 36 134.0
25 37 122.0
25 38 121.0
25 39 118.0
25 40 116.0
25 41 110.0
25 42 117.0
25 43 118.0
25 44 128.0
25 45 116.0
25 46 121.0
25 47 140.0
25 48 113.0
25 49 113.0
25 50 44.7
25 51 119.0
25 52 43.0
25 53 11.4
25 54 7.9
25 55 28.2
25 56 8.9
25 57 10.7
25 58 48.4
25 59 40.6
25 60 82.2
25 61 45.7
25 62 70.8
25 63 101.0
25 64 99.7
25 65 76.2
25 66 46.3
25 67 36.4
25 68 78.4
26 0 129.0
26 1 135.0
26 2 131.0
26 3 113.0
26 4 218.0
26 5 165.0
26 6 248.0
26 7 171.0
26 8 169.0
26 9 165.0
26 10 113.0
26 11 129.0
26 12 9.4
26 13 21.4
26 14 4.7
26 15 169.0
26 16 165.0
26 17 113.0
26 18 130.0
26 19 9.4
26 20 21.4
26 21 8.1
26 22 170.0
26 23 165.0
26 24 113.0
26 25 129.0
26 27 16.3
26 28 4.7
26 29 13.8
26 30 27.4
26 31 35.6
26 32 4.2
26 33 14.0
26 34 4.2
26 35 11.7
26 36 9.3
26 37 12.6
26 38 10.2
26 39 13.4
26 40 22.9
26 41 25.9
26 42 25.2
26 43 25.5
26 44 6.3
26 45 14.5
26 46 6.4
26 47 40.9
26 48 26.4
26 49 28.4
26 50 169.0
26 51 12.9
26 52 106.0
26 53 120.0
26 54 134.0
26 55 131.0
26 56 128.0
26 57 119.0
26 58 172.0
26 59 164.0
26 60 206.0
26 61 120.0
26 62 84.9
26 63 38.3
26 64 39.0
26 65 90.3
26 66 170.0
26 67 160.0
26 68 202.0
27 0 119.0
27 1 124.0
27 2 121.0
27 3 102.0
27 4 207.0
27 5 155.0
27 6 238.0
27 7 161.0
27 8 159.0
27 9 154.0
27 10 102.0
27 11 119.0
27 12 7.9
27 13 7.5
27 14 17.9
27 15 159.0
27 16 154.0
27 17 102.0
27 18 119.0
27 19 7.9
27 20 7.5
27 21 21.4
27 22 160.0
27 23 154.0
27 24 102.0
27 25 119.0
27 26 15.3
27 28 17.9
27 29 19.3
27 30 16.9
27 31 25.2
27 32 17.4
27 33 7.0
27 34 17.6
27 35 21.4
27 36 19.0
27 37 5.2
27 38 4.4
27 39 3.9
27 40 7.2
27 41 15.4
27 42 21.8
27 43 22.8
27 44 8.4
27 45 7.6
27 46 8.5
27 47 45.0
27 48 15.9
27 49 17.9
27 50 158.0
27 51 6.0
27 52 95.8
27 53 110.0
27 54 124.0
27 55 120.0
27 56 117.0
27 57 109.0
27 58 162.0
27 59 154.0
27 60 195.0
27 61 109.0
27 62 74.4
27 63 27.8
27 64 28.5
27 65 79.8
27 66 160.0
27 67 150.0
27 68 192.0
28 0 132.0
28 1 138.0
28 2 134.0
28 3 116.0
28 4 221.0
28 5 168.0
28 6 251.0
28 7 174.0
28 8 172.0
28 9 168.0
28 10 116.0
28 11 132.0
28 12 8.0
28 13 24.4
28 14 4.7
28 15 172.0
28 16 168.0
28 17 116.0
28 18 133.0
28 19 8.0
28 20 24.4
28 21 4.8
28 22 173.0
28 23 168.0
28 24 116.0
28 25 132.0
28 26 4.0
28 27 19.3
28 29 10.6
28 30 24.6
28 31 38.6
28 32 0.9
28 33 10.9
28 34 8.3
28 35 18.8
28 36 16.4
28 37 15.6
28 38 13.2
28 39 11.8
28 40 12.0
28 41 28.9
28 42 21.3
28 43 21.6
28 44 4.9
28 45 9.1
28 46 5.1
28 47 37.0
28 48 29.4
28 49 23.5
28 50 172.0
28 51 8.1
28 52 109.0
28 53 123.0
28 54 137.0
28 55 134.0
28 56 131.0
28 57 122.0
28 58 175.0
28 59 167.0
28 60 209.0
28 61 123.0
28 62 87.9
28 63 41.3
28 64 42.0
28 65 93.3
28 66 173.0
28 67 163.0
28 68 205.0
29 0 117.0
29 1 122.0
29 2 119.0
29 3 100.0
29 4 205.0
29 5 153.0
29 6 235.0
29 7 159.0
29 8 157.0
29 9 152.0
29 10 100.0
29 11 117.0
29 12 5.4
29 13 22.3
29 14 23.8
29 15 157.0
29 16 152.0
29 17 100.0
29 18 117.0
29 19 5.4
29 20 22.3
29 21 20.0
29 22 158.0
29 23 152.0
29 24 100.0
29 25 116.0
29 26 14.7
29 27 17.2
29 28 11.3
29 30 5.6
29 31 19.8
29 32 11.8
29 33 9.4
29 34 19.1
29 35 25.2
29 36 22.8
29 37 19.8
29 38 19.1
29 39 13.9
29 40 9.2
29 41 7.9
29 42 3.8
29 43 4.8
29 44 9.6
29 45 6.3
29 46 8.8
29 47 38.5
29 48 11.7
29 49 4.5
29 50 156.0
29 51 7.5
29 52 93.7
29 53 108.0
29 54 121.0
29 55 118.0
29 56 115.0
29 57 107.0
29 58 160.0
29 59 152.0
29 60 193.0
29 61 107.0
29 62 72.3
29 63 22.0
29 64 22.6
29 65 77.7
29 66 157.0
29 67 148.0
29 68 190.0
30 0 112.0
30 1 117.0
30 2 114.0
30 3 95.3
30 4 200.0
30 5 148.0
30 6 230.0
30 7 154.0
30 8 152.0
30 9 147.0
30 10 95.2
30 11 112.0
30 12 8.4
30 13 21.2
30 14 25.6
30 15 152.0
30 16 147.0
30 17 95.2
30 18 112.0
30 19 8.4
30 20 21.2
30 21 21.8
30 22 153.0
30 23 147.0
30 24 95.3
30 25 112.0
30 26 26.8
30 27 16.1
30 28 24.9
30 29 5.8
30 31 14.9
30 32 25.3
30 33 6.9
30 34 29.1
30 35 32.8
30 36 30.4
30 37 18.8
30 38 18.0
30 39 11.3
30 40 6.7
30 41 3.0
30 42 5.6
30 43 6.6
30 44 12.3
30 45 7.4
30 46 12.4
30 47 34.7
30 48 8.5
30 49 1.7
30 50 151.0
30 51 9.8
30 52 88.8
30 53 103.0
30 54 116.0
30 55 113.0
30 56 110.0
30 57 102.0
30 58 155.0
30 59 147.0
30 60 188.0
30 61 102.0
30 62 67.4
30 63 17.0
30 64 17.7
30 65 72.8
30 66 153.0
30 67 143.0
30 68 185.0
31 0 122.0
31 1 127.0
31 2 124.0
31 3 105.0
31 4 210.0
31 5 158.0
31 6 240.0
31 7 164.0
31 8 162.0
31 9 157.0
31 10 105.0
31 11 122.0
31 12 23.5
31 13 31.1
31 14 39.3
31 15 162.0
31 16 157.0
31 17 105.0
31 18 122.0
31 19 23.5
31 20 31.1
31 21 30.8
31 22 163.0
31 23 157.0
31 24 105.0
31 25 121.0
31 26 36.7
31 27 26.0
31 28 33.8
31 29 19.9
31 30 14.8
31 32 34.3
31 33 21.9
31 34 39.0
31 35 42.7
31 36 40.3
31 37 28.6
31 38 27.9
31 39 25.0
31 40 21.8
31 41 13.3
31 42 16.6
31 43 16.3
31 44 35.2
31 45 22.5
31 46 27.4
31 47 26.2
31 48 19.7
31 49 15.5
31 50 161.0
31 51 24.9
31 52 98.7
31 53 113.0
31 54 126.0
31 55 123.0
31 56 120.0
31 57 112.0
31 58 164.0
31 59 157.0
31 60 198.0
31 61 82.2
31 62 77.2
31 63 27.4
31 64 28.1
31 65 82.7
31 66 162.0
31 67 153.0
31 68 194.0
32 0 133.0
32 1 138.0
32 2 134.0
32 3 116.0
32 4 221.0
32 5 168.0
32 6 251.0
32 7 174.0
32 8 173.0
32 9 168.0
32 10 116.0
32 11 133.0
32 12 8.5
32 13 24.5
32 14 4.2
32 15 173.0
32 16 168.0
32 17 116.0
32 18 133.0
32 19 8.5
32 20 24.5
32 21 5.0
32 22 174.0
32 23 168.0
32 24 116.0
32 25 132.0
32 26 4.2
32 27 19.4
32 28 1.6
32 29 10.8
32 30 24.7
32 31 38.7
32 33 11.0
32 34 8.4
32 35 18.2
32 36 15.8
32 37 15.7
32 38 13.3
32 39 12.0
32 40 12.1
32 41 29.0
32 42 21.4
32 43 21.7
32 44 5.5
32 45 9.6
32 46 5.6
32 47 37.1
32 48 29.5
32 49 23.6
32 50 172.0
32 51 8.6
32 52 109.0
32 53 123.0
32 54 137.0
32 55 134.0
32 56 131.0
32 57 122.0
32 58 175.0
32 59 167.0
32 60 209.0
32 61 123.0
32 62 88.0
32 63 41.0
32 64 41.7
32 65 93.4
32 66 173.0
32 67 163.0
32 68 205.0
33 0 117.0
33 1 122.0
33 2 119.0
33 3 100.0
33 4 205.0
33 5 153.0
33 6 236.0
33 7 159.0
33 8 157.0
33 9 152.0
33 10 100.0
33 11 117.0
33 12 2.6
33 13 13.4
33 14 16.1
33 15 157.0
33 16 152.0
33 17 100.0
33 18 117.0
33 19 2.6
33 20 13.4
33 21 12.4
33 22 158.0
33 23 152.0
33 24 100.0
33 25 117.0
33 26 11.0
33 27 8.1
33 28 9.8
33 29 7.1
33 30 7.1
33 31 21.7
33 32 10.6
33 34 16.6
33 35 16.6
33 36 17.8
33 37 10.4
33 38 8.9
33 39 5.4
33 40 2.0
33 41 10.0
33 42 11.5
33 43 12.5
33 44 5.4
33 45 1.3
33 46 5.5
33 47 41.5
33 48 13.3
33 49 7.4
33 50 156.0
33 51 3.0
33 52 93.9
33 53 108.0
33 54 122.0
33 55 118.0
33 56 115.0
33 57 107.0
33 58 160.0
33 59 152.0
33 60 194.0
33 61 107.0
33 62 72.5
33 63 23.9
33 64 24.5
33 65 77.9
33 66 158.0
33 67 148.0
33 68 190.0
34 0 132.0
34 1 137.0
34 2 133.0
34 3 115.0
34 4 220.0
34 5 167.0
34 6 250.0
34 7 173.0
34 8 172.0
34 9 167.0
34 10 115.0
34 11 132.0
34 12 12.2
34 13 23.6
34 14 7.4
34 15 172.0
34 16 167.0
34 17 115.0
34 18 132.0
34 19 12.2
34 20 23.6
34 21 10.9
34 22 173.0
34 23 167.0
34 24 115.0
34 25 131.0
34 26 3.6
34 27 18.5
34 28 7.4
34 29 16.6
34 30 29.5
34 31 37.8
34 32 6.9
34 33 16.1
34 35 12.6
34 36 10.2
34 37 14.8
34 38 12.4
34 39 15.6
34 40 25.1
34 41 28.1
34 42 27.9
34 43 28.2
34 44 11.5
34 45 16.7
34 46 9.2
34 47 43.7
34 48 28.5
34 49 30.5
34 50 171.0
34 51 15.1
34 52 108.0
34 53 122.0
34 54 136.0
34 55 133.0
34 56 130.0
34 57 122.0
34 58 174.0
34 59 166.0
34 60 208.0
34 61 122.0
34 62 87.1
34 63 40.5
34 64 41.2
34 65 92.5
34 66 172.0
34 67 162.0
34 68 204.0
35 0 135.0
35 1 140.0
35 2 137.0
35 3 119.0
35 4 224.0
35 5 171.0
35 6 254.0
35 7 177.0
35 8 175.0
35 9 170.0
35 10 118.0
35 11 135.0
35 12 19.1
35 13 18.0
35 14 15.9
35 15 175.0
35 16 171.0
35 17 118.0
35 18 136.0
35 19 19.1
35 20 18.0
35 21 19.7
35 22 176.0
35 23 170.0
35 24 119.0
35 25 135.0
35 26 11.6
35 27 16.1
35 28 17.3
35 29 23.4
35 30 33.1
35 31 41.4
35 32 15.5
35 33 16.5
35 34 13.3
35 36 6.8
35 37 11.1
35 38 11.1
35 39 16.0
35 40 28.6
35 41 31.6
35 42 38.0
35 43 39.0
35 44 15.5
35 45 17.1
35 46 16.1
35 47 51.9
35 48 32.1
35 49 34.1
35 50 174.0
35 51 15.5
35 52 112.0
35 53 126.0
35 54 140.0
35 55 136.0
35 56 134.0
35 57 125.0
35 58 178.0
35 59 170.0
35 60 212.0
35 61 126.0
35 62 90.6
35 63 44.0
35 64 44.7
35 65 96.0
35 66 176.0
35 67 166.0
35 68 208.0
36 0 134.0
36 1 139.0
36 2 136.0
36 3 117.0
36 4 222.0
36 5 170.0
36 6 252.0
36 7 176.0
36 8 174.0
36 9 169.0
36 10 117.0
36 11 134.0
36 12 17.7
36 13 25.8
36 14 14.6
36 15 174.0
36 16 169.0
36 17 117.0
36 18 134.0
36 19 17.7
36 20 25.8
36 21 18.4
36 22 175.0
36 23 169.0
36 24 117.0
36 25 133.0
36 26 10.3
36 27 20.7
36 28 16.0
36 29 22.1
36 30 31.8
36 31 40.0
36 32 14.1
36 33 18.4
36 34 12.0
36 35 6.9
36 37 17.0
36 38 14.6
36 39 17.8
36 40 27.3
36 41 30.3
36 42 36.6
36 43 37.7
36 44 14.2
36 45 18.9
36 46 14.8
36 47 50.6
36 48 30.7
36 49 32.7
36 50 173.0
36 51 17.3
36 52 111.0
36 53 125.0
36 54 138.0
36 55 135.0
36 56 132.0
36 57 124.0
36 58 177.0
36 59 169.0
36 60 210.0
36 61 124.0
36 62 89.3
36 63 42.7
36 64 43.4
36 65 94.7
36 66 174.0
36 67 165.0
36 68 207.0
37 0 124.0
37 1 129.0
37 2 125.0
37 3 107.0
37 4 212.0
37 5 159.0
37 6 242.0
37 7 165.0
37 8 164.0
37 9 159.0
37 10 107.0
37 11 124.0
37 12 11.2
37 13 8.9
37 14 15.5
37 15 164.0
37 16 159.0
37 17 107.0
37 18 124.0
37 19 11.2
37 20 8.9
37 21 19.0
37 22 165.0
37 23 159.0
37 24 107.0
37 25 123.0
37 26 12.9
37 27 5.7
37 28 15.6
37 29 23.9
37 30 21.5
37 31 29.7
37 32 15.1
37 33 10.4
37 34 15.3
37 35 11.1
37 36 16.6
37 38 3.2
37 39 7.9
37 40 11.2
37 41 20.0
37 42 26.3
37 43 27.4
37 44 11.5
37 45 11.0
37 46 12.0
37 47 49.5
37 48 20.5
37 49 22.5
37 50 163.0
37 51 9.4
37 52 100.0
37 53 114.0
37 54 128.0
37 55 125.0
37 56 122.0
37 57 113.0
37 58 166.0
37 59 158.0
37 60 200.0
37 61 114.0
37 62 79.0
37 63 32.4
37 64 33.1
37 65 84.4
37 66 164.0
37 67 154.0
37 68 196.0
38 0 123.0
38 1 128.0
38 2 125.0
38 3 106.0
38 4 211.0
38 5 159.0
38 6 241.0
38 7 165.0
38 8 163.0
38 9 158.0
38 10 106.0
38 11 123.0
38 12 10.5
38 13 10.8
38 14 14.3
38 15 163.0
38 16 158.0
38 17 106.0
38 18 123.0
38 19 10.5
38 20 10.8
38 21 17.8
38 22 164.0
38 23 158.0
38 24 106.0
38 25 122.0
38 26 11.7
38 27 5.5
38 28 14.3
38 29 23.2
38 30 20.7
38 31 29.0
38 32 13.8
38 33 9.7
38 34 14.0
38 35 12.0
38 36 15.3
38 37 3.5
38 39 7.2
38 40 10.4
38 41 19.3
38 42 25.6
38 43 26.6
38 44 10.2
38 45 10.2
38 46 10.8
38 47 48.8
38 48 19.7
38 49 21.7
38 50 162.0
38 51 8.6
38 52 99.7
38 53 114.0
38 54 127.0
38 55 124.0
38 56 121.0
38 57 113.0
38 58 166.0
38 59 158.0
38 60 199.0
38 61 113.0
38 62 78.3
38 63 31.7
38 64 32.4
38 65 83.7
38 66 163.0
38 67 154.0
38 68 196.0
39 0 117.0
39 1 122.0
39 2 119.0
39 3 100.0
39 4 205.0
39 5 153.0
39 6 235.0
39 7 159.0
39 8 157.0
39 9 152.0
39 10 100.0
39 11 117.0
39 12 3.3
39 13 10.6
39 14 20.7
39 15 157.0
39 16 152.0
39 17 100.0
39 18 117.0
39 19 3.3
39 20 10.6
39 21 14.0
39 22 158.0
39 23 152.0
39 24 100.0
39 25 116.0
39 26 10.3
39 27 5.3
39 28 10.3
39 29 10.6
39 30 8.0
39 31 22.5
39 32 11.1
39 33 2.5
39 34 20.4
39 35 16.0
39 36 21.7
39 37 7.6
39 38 6.6
39 40 2.8
39 41 10.9
39 42 12.3
39 43 13.3
39 44 5.9
39 45 3.0
39 46 6.0
39 47 42.3
39 48 14.2
39 49 8.2
39 50 156.0
39 51 3.5
39 52 93.7
39 53 108.0
39 54 121.0
39 55 118.0
39 56 115.0
39 57 107.0
39 58 160.0
39 59 152.0
39 60 193.0
39 61 107.0
39 62 72.3
39 63 24.7
39 64 25.4
39 65 77.7
39 66 158.0
39 67 148.0
39 68 190.0
40 0 117.0
40 1 122.0
40 2 119.0
40 3 100.0
40 4 205.0
40 5 153.0
40 6 235.0
40 7 159.0
40 8 157.0
40 9 152.0
40 10 100.0
40 11 117.0
40 12 3.5
40 13 14.2
40 14 22.3
40 15 157.0
40 16 152.0
40 17 100.0
40 18 117.0
40 19 3.5
40 20 14.2
40 21 13.3
40 22 158.0
40 23 152.0
40 24 100.0
40 25 116.0
40 26 19.7
40 27 9.1
40 28 12.7
40 29 9.3
40 30 6.6
40 31 21.2
40 32 13.1
40 33 2.4
40 34 22.1
40 35 25.8
40 36 23.4
40 37 11.7
40 38 11.0
40 39 5.8
40 41 9.6
40 42 11.0
40 43 12.0
40 44 7.0
40 45 2.2
40 46 7.1
40 47 41.0
40 48 12.8
40 49 6.9
40 50 156.0
40 51 4.6
40 52 93.7
40 53 108.0
40 54 121.0
40 55 118.0
40 56 115.0
40 57 107.0
40 58 160.0
40 59 152.0
40 60 193.0
40 61 107.0
40 62 72.3
40 63 23.4
40 64 24.0
40 65 77.7
40 66 157.0
40 67 148.0
40 68 190.0
41 0 112.0
41 1 117.0
41 2 113.0
41 3 95.0
41 4 200.0
41 5 147.0
41 6 230.0
41 7 153.0
41 8 152.0
41 9 147.0
41 10 94.9
41 11 112.0
41 12 10.2
41 13 20.9
41 14 26.3
41 15 152.0
41 16 147.0
41 17 94.9
41 18 112.0
41 19 10.2
41 20 20.9
41 21 22.5
41 22 153.0
41 23 147.0
41 24 95.0
41 25 111.0
41 26 26.5
41 27 15.8
41 28 25.6
41 29 6.6
41 30 1.5
41 31 14.5
41 32 26.1
41 33 8.6
41 34 28.8
41 35 32.5
41 36 30.1
41 37 18.5
41 38 17.7
41 39 13.1
41 40 8.5
41 42 6.3
41 43 7.4
41 44 14.0
41 45 9.2
41 46 14.1
41 47 34.3
41 48 8.8
41 49 2.4
41 50 151.0
41 51 11.6
41 52 88.5
41 53 102.0
41 54 116.0
41 55 113.0
41 56 110.0
41 57 102.0
41 58 154.0
41 59 146.0
41 60 188.0
41 61 102.0
41 62 67.0
41 63 16.7
41 64 17.4
41 65 72.5
41 66 152.0
41 67 142.0
41 68 184.0
42 0 117.0
42 1 122.0
42 2 119.0
42 3 100.0
42 4 205.0
42 5 153.0
42 6 235.0
42 7 159.0
42 8 157.0
42 9 152.0
42 10 100.0
42 11 117.0
42 12 8.1
42 13 26.2
42 14 21.6
42 15 157.0
42 16 152.0
42 17 100.0
42 18 117.0
42 19 8.1
42 20 26.2
42 21 17.8
42 22 158.0
42 23 152.0
42 24 100.0
42 25 117.0
42 26 25.2
42 27 21.2
42 28 20.9
42 29 3.9
42 30 5.7
42 31 15.1
42 32 21.3
42 33 10.9
42 34 28.2
42 35 36.9
42 36 34.5
42 37 23.8
42 38 23.0
42 39 15.4
42 40 10.8
42 41 8.0
42 43 0.6
42 44 12.3
42 45 11.4
42 46 11.5
42 47 36.3
42 48 13.8
42 49 4.6
42 50 156.0
42 51 13.9
42 52 93.8
42 53 108.0
42 54 122.0
42 55 118.0
42 56 115.0
42 57 107.0
42 58 160.0
42 59 152.0
42 60 193.0
42 61 107.0
42 62 72.4
42 63 22.1
42 64 22.7
42 65 77.8
42 66 158.0
42 67 148.0
42 68 190.0
43 0 118.0
43 1 123.0
43 2 120.0
43 3 101.0
43 4 206.0
43 5 154.0
43 6 236.0
43 7 160.0
43 8 158.0
43 9 153.0
43 10 101.0
43 11 118.0
43 12 8.9
43 13 27.2
43 14 21.7
43 15 158.0
43 16 153.0
43 17 101.0
43 18 118.0
43 19 8.9
43 20 27.2
43 21 17.9
43 22 159.0
43 23 153.0
43 24 101.0
43 25 117.0
43 26 25.3
43 27 22.1
43 28 21.0
43 29 4.8
43 30 6.7
43 31 15.2
43 32 21.5
43 33 11.8
43 34 28.3
43 35 37.0
43 36 34.6
43 37 24.7
43 38 24.0
43 39 16.3
43 40 11.7
43 41 8.6
43 42 0.6
43 44 13.1
43 45 12.4
43 46 12.3
43 47 36.4
43 48 14.7
43 49 5.6
43 50 157.0
43 51 11.0
43 52 94.8
43 53 109.0
43 54 122.0
43 55 119.0
43 56 116.0
43 57 108.0
43 58 161.0
43 59 153.0
43 60 194.0
43 61 108.0
43 62 73.3
43 63 23.0
43 64 23.7
43 65 78.8
43 66 159.0
43 67 149.0
43 68 191.0
44 0 123.0
44 1 128.0
44 2 124.0
44 3 106.0
44 4 211.0
44 5 158.0
44 6 241.0
44 7 164.0
44 8 163.0
44 9 158.0
44 10 106.0
44 11 123.0
44 12 3.7
44 13 14.7
44 14 9.6
44 15 163.0
44 16 158.0
44 17 106.0
44 18 123.0
44 19 3.7
44 20 14.7
44 21 7.3
44 22 164.0
44 23 158.0
44 24 106.0
44 25 122.0
44 26 6.3
44 27 9.5
44 28 4.8
44 29 8.0
44 30 12.6
44 31 27.2
44 32 4.8
44 33 5.5
44 34 12.3
44 35 12.9
44 36 13.6
44 37 11.5
44 38 9.2
44 39 6.7
44 40 7.1
44 41 15.5
44 42 10.7
44 43 11.6
44 45 4.8
44 46 0.4
44 47 39.5
44 48 16.9
44 49 11.4
44 50 162.0
44 51 3.7
44 52 99.4
44 53 113.0
44 54 127.0
44 55 124.0
44 56 121.0
44 57 112.0
44 58 165.0
44 59 157.0
44 60 199.0
44 61 113.0
44 62 78.0
44 63 29.4
44 64 30.0
44 65 83.4
44 66 163.0
44 67 153.0
44 68 195.0
45 0 118.0
45 1 123.0
45 2 119.0
45 3 101.0
45 4 206.0
45 5 153.0
45 6 236.0
45 7 159.0
45 8 158.0
45 9 153.0
45 10 101.0
45 11 118.0
45 12 1.5
45 13 13.9
45 14 15.6
45 15 158.0
45 16 153.0
45 17 101.0
45 18 118.0
45 19 1.5
45 20 13.9
45 21 11.8
45 22 159.0
45 23 153.0
45 24 101.0
45 25 117.0
45 26 11.5
45 27 8.6
45 28 11.2
45 29 6.5
45 30 7.7
45 31 22.3
45 32 11.6
45 33 1.4
45 34 17.1
45 35 17.1
45 36 18.3
45 37 10.9
45 38 9.4
45 39 5.9
45 40 2.2
45 41 10.6
45 42 12.1
45 43 10.2
45 44 5.9
45 46 6.0
45 47 42.1
45 48 13.9
45 49 8.0
45 50 157.0
45 51 2.2
45 52 94.5
45 53 108.0
45 54 122.0
45 55 119.0
45 56 116.0
45 57 108.0
45 58 160.0
45 59 153.0
45 60 194.0
45 61 108.0
45 62 73.1
45 63 24.4
45 64 25.1
45 65 78.5
45 66 158.0
45 67 148.0
45 68 190.0
46 0 128.0
46 1 134.0
46 2 130.0
46 3 112.0
46 4 217.0
46 5 164.0
46 6 247.0
46 7 170.0
46 8 168.0
46 9 164.0
46 10 112.0
46 11 128.0
46 12 3.7
46 13 14.8
46 14 9.6
46 15 168.0
46 16 164.0
46 17 112.0
46 18 129.0
46 19 3.7
46 20 14.8
46 21 7.3
46 22 169.0
46 23 164.0
46 24 112.0
46 25 128.0
46 26 6.3
46 27 9.5
46 28 4.9
46 29 8.0
46 30 12.7
46 31 27.2
46 32 4.8
46 33 5.6
46 34 12.3
46 35 12.9
46 36 13.7
46 37 11.6
46 38 9.2
46 39 6.8
46 40 7.2
46 41 15.6
46 42 10.8
46 43 11.7
46 44 0.9
46 45 4.8
46 47 39.5
46 48 16.9
46 49 11.4
46 50 167.0
46 51 3.8
46 52 105.0
46 53 119.0
46 54 133.0
46 55 130.0
46 56 127.0
46 57 118.0
46 58 171.0
46 59 163.0
46 60 205.0
46 61 119.0
46 62 83.9
46 63 29.4
46 64 30.1
46 65 89.3
46 66 169.0
46 67 159.0
46 68 201.0
47 0 141.0
47 1 146.0
47 2 143.0
47 3 125.0
47 4 230.0
47 5 177.0
47 6 260.0
47 7 183.0
47 8 181.0
47 9 176.0
47 10 125.0
47 11 141.0
47 12 42.9
47 13 50.5
47 14 37.3
47 15 181.0
47 16 177.0
47 17 125.0
47 18 142.0
47 19 42.9
47 20 50.5
47 21 33.5
47 22 182.0
47 23 176.0
47 24 125.0
47 25 141.0
47 26 40.9
47 27 45.4
47 28 36.6
47 29 39.4
47 30 34.2
47 31 29.1
47 32 37.0
47 33 41.3
47 34 43.9
47 35 52.6
47 36 50.2
47 37 48.1
47 38 47.3
47 39 44.4
47 40 41.2
47 41 32.7
47 42 37.3
47 43 24.0
47 44 39.9
47 45 41.9
47 46 40.0
47 48 39.1
47 49 34.9
47 50 180.0
47 51 44.3
47 52 118.0
47 53 132.0
47 54 146.0
47 55 142.0
47 56 140.0
47 57 131.0
47 58 184.0
47 59 176.0
47 60 218.0
47 61 78.0
47 62 96.7
47 63 46.9
47 64 47.5
47 65 64.1
47 66 182.0
47 67 172.0
47 68 214.0
48 0 113.0
48 1 118.0
48 2 115.0
48 3 96.2
48 4 201.0
48 5 149.0
48 6 231.0
48 7 155.0
48 8 153.0
48 9 148.0
48 10 96.1
48 11 113.0
48 12 14.5
48 13 21.1
48 14 29.2
48 15 153.0
48 16 148.0
48 17 96.1
48 18 113.0
48 19 14.5
48 20 21.1
48 21 30.2
48 22 154.0
48 23 148.0
48 24 96.2
48 25 112.0
48 26 26.6
48 27 16.0
48 28 20.4
48 29 11.7
48 30 8.5
48 31 19.0
48 32 28.8
48 33 13.3
48 34 29.0
48 35 32.7
48 36 30.3
48 37 18.6
48 38 17.9
48 39 15.0
48 40 13.2
48 41 9.3
48 42 14.0
48 43 15.0
48 44 18.8
48 45 13.9
48 46 17.9
48 47 38.8
48 49 9.9
48 50 152.0
48 51 16.3
48 52 89.7
48 53 104.0
48 54 117.0
48 55 114.0
48 56 111.0
48 57 103.0
48 58 155.0
48 59 148.0
48 60 189.0
48 61 103.0
48 62 68.3
48 63 17.8
48 64 18.5
48 65 73.7
48 66 153.0
48 67 144.0
48 68 186.0
49 0 113.0
49 1 118.0
49 2 115.0
49 3 96.3
49 4 201.0
49 5 149.0
49 6 231.0
49 7 155.0
49 8 153.0
49 9 148.0
49 10 96.3
49 11 113.0
49 12 8.5
49 13 22.3
49 14 24.4
49 15 153.0
49 16 148.0
49 17 96.3
49 18 113.0
49 19 8.5
49 20 22.3
49 21 20.7
49 22 154.0
49 23 148.0
49 24 96.4
49 25 113.0
49 26 27.8
49 27 17.2
49 28 23.7
49 29 4.8
49 30 1.7
49 31 15.9
49 32 24.2
49 33 6.9
49 34 30.1
49 35 33.9
49 36 31.5
49 37 19.8
49 38 19.0
49 39 11.4
49 40 6.8
49 41 4.0
49 42 4.5
49 43 5.5
49 44 12.3
49 45 7.5
49 46 12.4
49 47 35.7
49 48 9.8
49 50 152.0
49 51 9.9
49 52 89.8
49 53 104.0
49 54 118.0
49 55 114.0
49 56 111.0
49 57 103.0
49 58 156.0
49 59 148.0
49 60 189.0
49 61 103.0
49 62 68.4
49 63 18.1
49 64 18.7
49 65 73.8
49 66 154.0
49 67 144.0
49 68 186.0
50 0 44.6
50 1 49.8
50 2 46.4
50 3 59.0
50 4 36.9
50 5 9.4
50 6 83.0
50 7 2.7
50 8 0.9
50 9 8.8
50 10 58.6
50 11 44.6
50 12 157.0
50 13 164.0
50 14 172.0
50 15 0.9
50 16 9.1
50 17 58.6
50 18 44.9
50 19 157.0
50 20 164.0
50 21 173.0
50 22 2.2
50 23 8.8
50 24 58.5
50 25 44.2
50 26 170.0
50 27 159.0
50 28 173.0
50 29 155.0
50 30 152.0
50 31 160.0
50 32 172.0
50 33 156.0
50 34 172.0
50 35 176.0
50 36 174.0
50 37 162.0
50 38 161.0
50 39 158.0
50 40 156.0
50 41 150.0
50 42 157.0
50 43 158.0
50 44 168.0
50 45 156.0
50 46 161.0
50 47 180.0
50 48 153.0
50 49 153.0
50 51 159.0
50 52 83.0
50 53 52.6
50 54 49.1
50 55 37.9
50 56 50.2
50 57 51.9
50 58 4.2
50 59 8.5
50 60 29.2
50 61 60.0
50 62 111.0
50 63 141.0
50 64 140.0
50 65 116.0
50 66 1.2
50 67 9.1
50 68 25.5
51 0 120.0
51 1 125.0
51 2 122.0
51 3 103.0
51 4 209.0
51 5 156.0
51 6 239.0
51 7 162.0
51 8 160.0
51 9 155.0
51 10 103.0
51 11 120.0
51 12 2.1
51 13 12.3
51 14 15.7
51 15 160.0
51 16 156.0
51 17 103.0
51 18 120.0
51 19 2.1
51 20 12.3
51 21 11.1
51 22 161.0
51 23 155.0
51 24 104.0
51 25 120.0
51 26 9.8
51 27 7.0
51 28 8.7
51 29 8.1
51 30 10.2
51 31 24.7
51 32 9.5
51 33 3.0
51 34 15.4
51 35 15.4
51 36 16.6
51 37 9.3
51 38 7.8
51 39 4.3
51 40 4.6
51 41 13.1
51 42 10.8
51 43 11.7
51 44 4.2
51 45 2.2
51 46 4.3
51 47 44.5
51 48 16.4
51 49 10.4
51 50 159.0
51 52 97.0
51 53 111.0
51 54 125.0
51 55 121.0
51 56 118.0
51 57 110.0
51 58 163.0
51 59 155.0
51 60 197.0
51 61 110.0
51 62 75.5
51 63 26.9
51 64 27.6
51 65 81.0
51 66 161.0
51 67 151.0
51 68 193.0
52 0 43.2
52 1 15.8
52 2 20.5
52 3 7.1
52 4 132.0
52 5 79.0
52 6 162.0
52 7 85.0
52 8 83.2
52 9 78.3
52 10 7.0
52 11 43.2
52 12 95.2
52 13 102.0
52 14 110.0
52 15 83.2
52 16 78.6
52 17 7.0
52 18 43.6
52 19 95.2
52 20 102.0
52 21 111.0
52 22 84.2
52 23 78.3
52 24 7.1
52 25 42.8
52 26 108.0
52 27 97.2
52 28 110.0
52 29 92.6
52 30 89.7
52 31 98.0
52 32 110.0
52 33 93.7
52 34 110.0
52 35 114.0
52 36 111.0
52 37 99.8
52 38 99.0
52 39 96.1
52 40 93.5
52 41 88.3
52 42 94.6
52 43 95.6
52 44 106.0
52 45 94.2
52 46 99.2
52 47 118.0
52 48 90.8
52 49 90.7
52 50 82.3
52 51 96.6
52 53 14.5
52 54 16.6
52 55 24.9
52 56 15.8
52 57 13.6
52 58 85.9
52 59 78.1
52 60 120.0
52 61 29.5
52 62 48.7
52 63 79.1
52 64 77.6
52 65 54.1
52 66 83.8
52 67 73.9
52 68 116.0
53 0 11.3
53 1 3.1
53 2 5.8
53 3 8.6
53 4 102.0
53 5 49.1
53 6 132.0
53 7 55.2
53 8 53.4
53 9 48.5
53 10 8.2
53 11 11.3
53 12 118.0
53 13 125.0
53 14 133.0
53 15 53.4
53 16 48.8
53 17 8.2
53 18 11.7
53 19 118.0
53 20 125.0
53 21 134.0
53 22 54.4
53 23 48.5
53 24 8.1
53 25 10.9
53 26 131.0
53 27 120.0
53 28 134.0
53 29 116.0
53 30 113.0
53 31 121.0
53 32 133.0
53 33 117.0
53 34 133.0
53 35 137.0
53 36 135.0
53 37 123.0
53 38 122.0
53 39 119.0
53 40 117.0
53 41 111.0
53 42 118.0
53 43 119.0
53 44 129.0
53 45 117.0
53 46 122.0
53 47 141.0
53 48 114.0
53 49 114.0
53 50 52.4
53 51 120.0
53 52 14.3
53 54 3.9
53 55 18.6
53 56 2.9
53 57 1.7
53 58 56.1
53 59 48.2
53 60 89.9
53 61 33.7
53 62 43.9
53 63 102.0
53 64 101.0
53 65 46.1
53 66 54.0
53 67 44.1
53 68 86.1
54 0 8.6
54 1 0.8
54 2 3.0
54 3 10.0
54 4 99.0
54 5 46.4
54 6 129.0
54 7 52.4
54 8 50.6
54 9 45.7
54 10 9.5
54 11 8.5
54 12 122.0
54 13 129.0
54 14 137.0
54 15 50.6
54 16 46.0
54 17 9.5
54 18 8.9
54 19 122.0
54 20 129.0
54 21 138.0
54 22 51.6
54 23 45.7
54 24 9.4
54 25 8.1
54 26 135.0
54 27 124.0
54 28 137.0
54 29 120.0
54 30 117.0
54 31 125.0
54 32 137.0
54 33 121.0
54 34 137.0
54 35 141.0
54 36 138.0
54 37 127.0
54 38 126.0
54 39 123.0
54 40 121.0
54 41 115.0
54 42 122.0
54 43 123.0
54 44 133.0
54 45 121.0
54 46 126.0
54 47 145.0
54 48 118.0
54 49 118.0
54 50 49.7
54 51 124.0
54 52 16.4
54 53 4.4
54 55 20.4
54 56 3.9
54 57 2.9
54 58 53.3
54 59 45.5
54 60 87.1
54 61 36.3
54 62 46.5
54 63 106.0
54 64 105.0
54 65 48.8
54 66 51.3
54 67 41.3
54 68 83.3
55 0 29.0
55 1 19.8
55 2 23.5
55 3 21.2
55 4 87.4
55 5 34.7
55 6 118.0
55 7 40.8
55 8 39.0
55 9 34.1
55 10 21.1
55 11 29.0
55 12 120.0
55 13 127.0
55 14 135.0
55 15 39.0
55 16 34.4
55 17 21.1
55 18 29.4
55 19 120.0
55 20 127.0
55 21 135.0
55 22 39.9
55 23 34.1
55 24 21.2
55 25 28.6
55 26 132.0
55 27 122.0
55 28 135.0
55 29 117.0
55 30 114.0
55 31 122.0
55 32 134.0
55 33 118.0
55 34 134.0
55 35 138.0
55 36 136.0
55 37 124.0
55 38 123.0
55 39 121.0
55 40 118.0
55 41 113.0
55 42 119.0
55 43 120.0
55 44 131.0
55 45 119.0
55 46 124.0
55 47 142.0
55 48 115.0
55 49 115.0
55 50 38.0
55 51 121.0
55 52 24.8
55 53 18.6
55 54 20.5
55 56 21.5
55 57 17.6
55 58 41.7
55 59 33.8
55 60 75.4
55 61 38.4
55 62 54.2
55 63 104.0
55 64 102.0
55 65 56.4
55 66 39.6
55 67 29.7
55 68 71.7
56 0 9.5
56 1 3.7
56 2 5.7
56 3 12.6
56 4 100.0
56 5 47.3
56 6 130.0
56 7 53.4
56 8 51.6
56 9 46.7
56 10 12.2
56 11 9.5
56 12 116.0
56 13 123.0
56 14 131.0
56 15 51.6
56 16 47.0
56 17 12.2
56 18 9.9
56 19 116.0
56 20 123.0
56 21 131.0
56 22 52.5
56 23 46.7
56 24 12.1
56 25 9.1
56 26 128.0
56 27 118.0
56 28 131.0
56 29 113.0
56 30 110.0
56 31 119.0
56 32 130.0
56 33 114.0
56 34 131.0
56 35 134.0
56 36 132.0
56 37 120.0
56 38 120.0
56 39 117.0
56 40 114.0
56 41 109.0
56 42 115.0
56 43 116.0
56 44 127.0
56 45 115.0
56 46 120.0
56 47 138.0
56 48 111.0
56 49 111.0
56 50 50.6
56 51 117.0
56 52 17.8
56 53 2.7
56 54 4.4
56 55 21.3
56 57 3.7
56 58 54.3
56 59 46.4
56 60 88.0
56 61 37.8
56 62 69.3
56 63 99.7
56 64 98.1
56 65 50.2
56 66 52.2
56 67 42.3
56 68 84.3
57 0 11.4
57 1 2.2
57 2 5.9
57 3 7.1
57 4 102.0
57 5 49.2
57 6 132.0
57 7 55.3
57 8 53.5
57 9 48.6
57 10 6.7
57 11 11.4
57 12 108.0
57 13 115.0
57 14 124.0
57 15 53.5
57 16 48.9
57 17 6.7
57 18 11.8
57 19 108.0
57 20 115.0
57 21 124.0
57 22 54.4
57 23 48.6
57 24 6.5
57 25 11.0
57 26 121.0
57 27 110.0
57 28 124.0
57 29 106.0
57 30 103.0
57 31 111.0
57 32 123.0
57 33 107.0
57 34 123.0
57 35 127.0
57 36 125.0
57 37 113.0
57 38 112.0
57 39 109.0
57 40 107.0
57 41 101.0
57 42 108.0
57 43 109.0
57 44 119.0
57 45 107.0
57 46 112.0
57 47 131.0
57 48 104.0
57 49 104.0
57 50 52.5
57 51 110.0
57 52 13.5
57 53 1.7
57 54 3.0
57 55 17.5
57 56 4.2
57 58 56.2
57 59 48.3
57 60 89.9
57 61 33.5
57 62 43.7
57 63 92.2
57 64 90.7
57 65 45.9
57 66 54.1
57 67 44.2
57 68 86.2
58 0 48.0
58 1 53.2
58 2 49.8
58 3 62.4
58 4 32.4
58 5 12.9
58 6 83.7
58 7 6.8
58 8 4.9
58 9 12.2
58 10 62.0
58 11 48.0
58 12 161.0
58 13 168.0
58 14 176.0
58 15 4.9
58 16 12.5
58 17 62.0
58 18 48.3
58 19 161.0
58 20 168.0
58 21 176.0
58 22 5.1
58 23 12.2
58 24 61.9
58 25 47.6
58 26 173.0
58 27 163.0
58 28 176.0
58 29 158.0
58 30 155.0
58 31 164.0
58 32 175.0
58 33 159.0
58 34 176.0
58 35 179.0
58 36 177.0
58 37 165.0
58 38 165.0
58 39 162.0
58 40 159.0
58 41 154.0
58 42 160.0
58 43 161.0
58 44 172.0
58 45 160.0
58 46 165.0
58 47 183.0
58 48 156.0
58 49 156.0
58 50 4.2
58 51 162.0
58 52 86.4
58 53 56.0
58 54 52.6
58 55 41.3
58 56 53.6
58 57 55.3
58 59 12.0
58 60 24.8
58 61 63.5
58 62 114.0
58 63 145.0
58 64 143.0
58 65 120.0
58 66 3.6
58 67 12.5
58 68 21.0
59 0 39.9
59 1 45.1
59 2 41.7
59 3 54.3
59 4 44.2
59 5 1.3
59 6 89.3
59 7 11.6
59 8 9.8
59 9 0.3
59 10 53.9
59 11 39.9
59 12 153.0
59 13 160.0
59 14 168.0
59 15 9.8
59 16 1.2
59 17 53.9
59 18 40.2
59 19 153.0
59 20 160.0
59 21 168.0
59 22 10.8
59 23 0.3
59 24 53.8
59 25 39.5
59 26 165.0
59 27 155.0
59 28 168.0
59 29 150.0
59 30 147.0
59 31 155.0
59 32 167.0
59 33 151.0
59 34 168.0
59 35 171.0
59 36 169.0
59 37 157.0
59 38 156.0
59 39 154.0
59 40 151.0
59 41 146.0
59 42 152.0
59 43 153.0
59 44 164.0
59 45 152.0
59 46 157.0
59 47 175.0
59 48 148.0
59 49 148.0
59 50 8.8
59 51 154.0
59 52 78.3
59 53 47.9
59 54 44.4
59 55 33.2
59 56 45.5
59 57 47.2
59 58 12.5
59 60 36.5
59 61 55.3
59 62 106.0
59 63 137.0
59 64 135.0
59 65 112.0
59 66 10.4
59 67 4.4
59 68 32.8
60 0 83.1
60 1 88.3
60 2 84.8
60 3 97.5
60 4 8.1
60 5 37.7
60 6 60.5
60 7 31.4
60 8 30.6
60 9 37.0
60 10 97.0
60 11 83.0
60 12 196.0
60 13 203.0
60 14 211.0
60 15 30.6
60 16 37.3
60 17 97.0
60 18 83.4
60 19 196.0
60 20 203.0
60 21 211.0
60 22 29.9
60 23 37.0
60 24 96.9
60 25 82.6
60 26 208.0
60 27 198.0
60 28 211.0
60 29 193.0
60 30 190.0
60 31 199.0
60 32 210.0
60 33 194.0
60 34 211.0
60 35 214.0
60 36 212.0
60 37 200.0
60 38 200.0
60 39 197.0
60 40 194.0
60 41 189.0
60 42 195.0
60 43 196.0
60 44 207.0
60 45 195.0
60 46 200.0
60 47 218.0
60 48 191.0
60 49 191.0
60 50 30.1
60 51 197.0
60 52 121.0
60 53 91.0
60 54 87.6
60 55 76.4
60 56 88.6
60 57 90.4
60 58 25.8
60 59 36.8
60 61 88.2
60 62 149.0
60 63 180.0
60 64 178.0
60 65 155.0
60 66 29.4
60 67 37.3
60 68 6.7
61 0 46.3
61 1 35.8
61 2 42.5
61 3 26.2
61 4 95.1
61 5 56.5
61 6 150.0
61 7 62.6
61 8 60.8
61 9 55.9
61 10 26.1
61 11 46.3
61 12 106.0
61 13 113.0
61 14 122.0
61 15 60.8
61 16 56.2
61 17 26.1
61 18 46.6
61 19 106.0
61 20 113.0
61 21 109.0
61 22 61.7
61 23 55.9
61 24 26.2
61 25 45.9
61 26 119.0
61 27 108.0
61 28 112.0
61 29 104.0
61 30 101.0
61 31 82.6
61 32 121.0
61 33 105.0
61 34 121.0
61 35 125.0
61 36 123.0
61 37 111.0
61 38 110.0
61 39 107.0
61 40 105.0
61 41 99.5
61 42 106.0
61 43 107.0
61 44 118.0
61 45 105.0
61 46 110.0
61 47 76.6
61 48 102.0
61 49 102.0
61 50 59.8
61 51 108.0
61 52 29.2
61 53 34.4
61 54 36.5
61 55 38.4
61 56 37.8
61 57 33.6
61 58 63.4
61 59 55.6
61 60 87.5
61 62 34.2
61 63 66.8
61 64 68.9
61 65 36.4
61 66 61.4
61 67 51.5
61 68 83.7
62 0 71.4
62 1 45.5
62 2 73.2
62 3 36.0
62 4 160.0
62 5 107.0
62 6 190.0
62 7 113.0
62 8 111.0
62 9 107.0
62 10 35.9
62 11 71.4
62 12 74.2
62 13 81.2
62 14 89.4
62 15 111.0
62 16 107.0
62 17 35.9
62 18 71.7
62 19 74.2
62 20 81.2
62 21 89.8
62 22 112.0
62 23 107.0
62 24 36.0
62 25 71.0
62 26 86.8
62 27 76.1
62 28 89.4
62 29 71.6
62 30 68.7
62 31 77.0
62 32 88.9
62 33 72.6
62 34 89.1
62 35 92.9
62 36 90.5
62 37 78.8
62 38 78.0
62 39 75.1
62 40 72.5
62 41 67.3
62 42 73.6
62 43 74.6
62 44 85.3
62 45 73.2
62 46 78.1
62 47 57.7
62 48 69.8
62 49 69.7
62 50 110.0
62 51 75.6
62 52 38.9
62 53 44.2
62 54 46.3
62 55 53.8
62 56 47.6
62 57 43.3
62 58 114.0
62 59 106.0
62 60 148.0
62 61 33.8
62 63 34.5
62 64 36.6
62 65 9.1
62 66 112.0
62 67 102.0
62 68 144.0
63 0 101.0
63 1 106.0
63 2 103.0
63 3 84.6
63 4 190.0
63 5 137.0
63 6 220.0
63 7 143.0
63 8 141.0
63 9 136.0
63 10 84.5
63 11 101.0
63 12 25.7
63 13 33.8
63 14 42.0
63 15 141.0
63 16 137.0
63 17 84.5
63 18 102.0
63 19 25.7
63 20 33.8
63 21 38.1
63 22 142.0
63 23 136.0
63 24 84.6
63 25 101.0
63 26 39.4
63 27 28.7
63 28 41.2
63 29 22.2
63 30 17.0
63 31 25.8
63 32 41.5
63 33 24.2
63 34 41.7
63 35 45.5
63 36 43.1
63 37 31.4
63 38 30.6
63 39 27.7
63 40 24.0
63 41 15.6
63 42 21.9
63 43 22.9
63 44 29.6
63 45 24.7
63 46 29.7
63 47 45.6
63 48 19.4
63 49 18.0
63 50 140.0
63 51 27.2
63 52 78.1
63 53 92.0
63 54 106.0
63 55 102.0
63 56 99.6
63 57 91.2
63 58 144.0
63 59 136.0
63 60 178.0
63 61 68.1
63 62 35.9
63 64 2.6
63 65 38.6
63 66 142.0
63 67 132.0
63 68 174.0
64 0 99.7
64 1 105.0
64 2 101.0
64 3 83.1
64 4 188.0
64 5 135.0
64 6 218.0
64 7 142.0
64 8 140.0
64 9 135.0
64 10 83.0
64 11 99.7
64 12 28.4
64 13 36.5
64 14 44.7
64 15 140.0
64 16 135.0
64 17 83.0
64 18 100.0
64 19 28.4
64 20 36.5
64 21 40.8
64 22 141.0
64 23 135.0
64 24 83.1
64 25 99.3
64 26 42.1
64 27 31.4
64 28 43.8
64 29 24.8
64 30 19.7
64 31 28.5
64 32 44.2
64 33 26.8
64 34 44.4
64 35 48.1
64 36 45.7
64 37 34.1
64 38 33.3
64 39 30.4
64 40 26.7
64 41 18.2
64 42 24.6
64 43 25.6
64 44 32.2
64 45 27.4
64 46 32.3
64 47 48.2
64 48 18.9
64 49 20.7
64 50 139.0
64 51 29.8
64 52 76.5
64 53 90.5
64 54 104.0
64 55 101.0
64 56 98.0
64 57 89.6
64 58 142.0
64 59 135.0
64 60 176.0
64 61 66.6
64 62 34.5
64 63 3.6
64 65 37.1
64 66 140.0
64 67 130.0
64 68 172.0
65 0 77.8
65 1 49.5
65 2 79.6
65 3 39.9
65 4 166.0
65 5 114.0
65 6 196.0
65 7 120.0
65 8 118.0
65 9 113.0
65 10 39.8
65 11 77.8
65 12 80.6
65 13 87.6
65 14 95.8
65 15 118.0
65 16 113.0
65 17 39.8
65 18 78.2
65 19 80.6
65 20 87.6
65 21 96.2
65 22 119.0
65 23 113.0
65 24 39.9
65 25 77.4
65 26 93.2
65 27 82.6
65 28 95.8
65 29 78.0
65 30 75.1
65 31 83.4
65 32 95.3
65 33 79.1
65 34 95.5
65 35 99.3
65 36 96.9
65 37 85.2
65 38 84.4
65 39 81.5
65 40 78.9
65 41 73.7
65 42 80.0
65 43 81.0
65 44 91.7
65 45 79.6
65 46 84.6
65 47 60.4
65 48 76.2
65 49 76.1
65 50 117.0
65 51 82.0
65 52 42.9
65 53 48.2
65 54 50.2
65 55 57.7
65 56 51.6
65 57 47.3
65 58 120.0
65 59 113.0
65 60 154.0
65 61 37.7
65 62 10.6
65 63 37.2
65 64 39.3
65 66 118.0
65 67 109.0
65 68 151.0
66 0 46.2
66 1 51.4
66 2 48.0
66 3 60.6
66 4 36.4
66 5 11.1
66 6 82.2
66 7 3.8
66 8 1.8
66 9 10.4
66 10 60.2
66 11 46.2
66 12 159.0
66 13 166.0
66 14 174.0
66 15 1.8
66 16 10.7
66 17 60.2
66 18 46.6
66 19 159.0
66 20 166.0
66 21 175.0
66 22 3.3
66 23 10.4
66 24 60.1
66 25 45.8
66 26 172.0
66 27 161.0
66 28 174.0
66 29 156.0
66 30 153.0
66 31 162.0
66 32 174.0
66 33 157.0
66 34 174.0
66 35 178.0
66 36 175.0
66 37 163.0
66 38 163.0
66 39 160.0
66 40 157.0
66 41 152.0
66 42 158.0
66 43 159.0
66 44 170.0
66 45 158.0
66 46 163.0
66 47 181.0
66 48 155.0
66 49 154.0
66 50 1.2
66 51 160.0
66 52 84.6
66 53 54.2
66 54 50.8
66 55 39.5
66 56 51.8
66 57 53.5
66 58 3.7
66 59 10.2
66 60 28.7
66 61 61.7
66 62 112.0
66 63 143.0
66 64 141.0
66 65 118.0
66 67 10.7
66 68 25.0
67 0 35.9
67 1 41.1
67 2 37.7
67 3 50.3
67 4 44.0
67 5 5.4
67 6 89.1
67 7 11.4
67 8 9.6
67 9 4.7
67 10 49.9
67 11 35.9
67 12 149.0
67 13 156.0
67 14 164.0
67 15 9.6
67 16 5.0
67 17 49.9
67 18 36.2
67 19 149.0
67 20 156.0
67 21 164.0
67 22 10.6
67 23 4.7
67 24 49.8
67 25 35.5
67 26 161.0
67 27 151.0
67 28 164.0
67 29 146.0
67 30 143.0
67 31 151.0
67 32 163.0
67 33 147.0
67 34 164.0
67 35 167.0
67 36 165.0
67 37 153.0
67 38 152.0
67 39 150.0
67 40 147.0
67 41 142.0
67 42 148.0
67 43 149.0
67 44 160.0
67 45 148.0
67 46 153.0
67 47 171.0
67 48 144.0
67 49 144.0
67 50 8.6
67 51 150.0
67 52 74.3
67 53 43.9
67 54 40.5
67 55 29.2
67 56 41.5
67 57 43.2
67 58 12.3
67 59 4.5
67 60 36.4
67 61 51.4
67 62 102.0
67 63 133.0
67 64 131.0
67 65 108.0
67 66 10.2
67 68 32.6
68 0 78.5
68 1 83.7
68 2 80.2
68 3 92.9
68 4 13.6
68 5 33.0
68 6 65.9
68 7 26.8
68 8 26.0
68 9 32.4
68 10 92.4
68 11 78.4
68 12 191.0
68 13 198.0
68 14 206.0
68 15 26.0
68 16 32.7
68 17 92.4
68 18 78.8
68 19 191.0
68 20 198.0
68 21 207.0
68 22 25.3
68 23 32.4
68 24 92.3
68 25 78.0
68 26 204.0
68 27 193.0
68 28 206.0
68 29 189.0
68 30 186.0
68 31 194.0
68 32 206.0
68 33 190.0
68 34 206.0
68 35 210.0
68 36 207.0
68 37 196.0
68 38 195.0
68 39 192.0
68 40 189.0
68 41 184.0
68 42 191.0
68 43 192.0
68 44 202.0
68 45 190.0
68 46 195.0
68 47 214.0
68 48 187.0
68 49 187.0
68 50 25.5
68 51 193.0
68 52 117.0
68 53 86.4
68 54 83.0
68 55 71.8
68 56 84.0
68 57 85.8
68 58 21.2
68 59 32.2
68 60 5.9
68 61 83.6
68 62 145.0
68 63 175.0
68 64 174.0
68 65 150.0
68 66 24.8
68 67 32.7
-1
